0.500000 1.000000
0.500000 0.976600
0.500000 0.968800
0.500000 0.960900
0.500000 0.953100
0.500000 0.940000
0.500000 0.930000
0.500000 0.920000
0.500000 0.910000
0.500000 0.900000
0.500000 0.890000
0.500000 0.880000
0.500000 0.870000
0.500000 0.860000
0.500000 0.851600
0.500000 0.840000
0.500000 0.830000
0.500000 0.820000
0.500000 0.810000
0.500000 0.800000
0.500000 0.734400
0.500000 0.617200
0.500000 0.500000
0.500000 0.453100
0.500000 0.400000
0.500000 0.380000
0.500000 0.360000
0.500000 0.340000
0.500000 0.320000
0.500000 0.300000
0.500000 0.290000
0.500000 0.281300
0.500000 0.200000
0.500000 0.171900
0.500000 0.150000
0.500000 0.101600
0.500000 0.070300
0.500000 0.062500
0.500000 0.054700
0.500000 0.000000
1.000000 0.500000
0.995000 0.500000
0.985000 0.500000
0.975000 0.500000
0.968800 0.500000
0.960900 0.500000
0.953100 0.500000
0.950000 0.500000
0.945300 0.500000
0.940000 0.500000
0.930000 0.500000
0.920000 0.500000
0.910000 0.500000
0.906300 0.500000
0.900000 0.500000
0.890000 0.500000
0.880000 0.500000
0.870000 0.500000
0.859400 0.500000
0.850000 0.500000
0.840000 0.500000
0.830000 0.500000
0.820000 0.500000
0.814700 0.500000
0.804700 0.500000
0.800000 0.500000
0.790000 0.500000
0.780000 0.500000
0.760000 0.500000
0.740000 0.500000
0.720000 0.500000
0.710000 0.500000
0.700000 0.500000
0.600000 0.500000
0.500000 0.500000
0.400000 0.500000
0.300000 0.500000
0.290000 0.500000
0.280000 0.500000
0.270000 0.500000
0.260000 0.500000
0.250000 0.500000
0.240000 0.500000
0.234400 0.500000
0.230000 0.500000
0.226600 0.500000
0.220000 0.500000
0.210000 0.500000
0.200000 0.500000
0.196300 0.500000
0.186300 0.500000
0.176300 0.500000
0.166300 0.500000
0.156300 0.500000
0.100000 0.500000
0.093800 0.500000
0.078100 0.500000
0.070300 0.500000
0.062500 0.500000
0.050000 0.500000
0.000000 0.500000
