0.5 0 1.0
0.5 0 0.9766
0.5 0 0.9688
0.5 0 0.9609
0.5 0 0.9531
0.5 0 0.9400
0.5 0 0.9300
0.5 0 0.9200
0.5 0 0.9100
0.5 0 0.9000
0.5 0 0.8900
0.5 0 0.8800
0.5 0 0.8700
0.5 0 0.8600
0.5 0 0.8516
0.5 0 0.8400
0.5 0 0.8300
0.5 0 0.8200
0.5 0 0.8100
0.5 0 0.8000
0.5 0 0.7344
0.5 0 0.6172
0.5 0 0.5
0.5 0 0.4531
0.5 0 0.4000
0.5 0 0.3800
0.5 0 0.3600
0.5 0 0.3400
0.5 0 0.3200
0.5 0 0.3000
0.5 0 0.2900
0.5 0 0.2813
0.5 0 0.2000
0.5 0 0.1719
0.5 0 0.1500
0.5 0 0.1016
0.5 0 0.0703
0.5 0 0.0625
0.5 0 0.0547
0.5 0 0.0
1.0 0 0.5
0.9950 0 0.5
0.9850 0 0.5
0.9750 0 0.5
0.9688 0 0.5
0.9609 0 0.5
0.9531 0 0.5
0.9500 0 0.5
0.9453 0 0.5
0.9400 0 0.5
0.9300 0 0.5
0.9200 0 0.5
0.9100 0 0.5
0.9063 0 0.5
0.9000 0 0.5
0.8900 0 0.5
0.8800 0 0.5
0.8700 0 0.5
0.8594 0 0.5
0.8500 0 0.5
0.8400 0 0.5
0.8300 0 0.5
0.8200 0 0.5
0.8147 0 0.5
0.8047 0 0.5
0.8000 0 0.5
0.7900 0 0.5
0.7800 0 0.5
0.7600 0 0.5
0.7400 0 0.5
0.7200 0 0.5
0.7100 0 0.5
0.7 0 0.5
0.6 0 0.5
0.5 0 0.5
0.4 0 0.5
0.3 0 0.5
0.2900 0 0.5
0.2800 0 0.5
0.2700 0 0.5
0.2600 0 0.5
0.2500 0 0.5
0.2400 0 0.5
0.2344 0 0.5
0.2300 0 0.5
0.2266 0 0.5
0.2200 0 0.5
0.2100 0 0.5
0.2000 0 0.5
0.1963 0 0.5
0.1863 0 0.5
0.1763 0 0.5
0.1663 0 0.5
0.1563 0 0.5
0.1000 0 0.5
0.0938 0 0.5
0.0781 0 0.5
0.0703 0 0.5
0.0625 0 0.5
0.0500 0 0.5
0.0 0 0.5